nu_bar=0;
epsilon=0.1;
gamma(1)=1;
m0(1)=0;
np=101;
nf=1;
nb=8;
ts=0.0019;
error_stop=0.00016;
nsteps=10000;
hist_step=50;
Ux(1,:)=[
0.532364
0.534381
0.540259
0.549518
0.561459
0.575293
0.590244
0.605627
0.620866
0.63548
0.649066
0.661281
0.671841
0.680533
0.687213
0.691805
0.694282
0.694636
0.692867
0.688978
0.682988
0.674955
0.664997
0.653305
0.640141
0.625828
0.610748
0.595354
0.580188
0.5659
0.553238
0.543001
0.535929
0.532589
0.533264
0.537895
0.546096
0.557229
0.57052
0.585181
0.600489
0.615834
0.630704
0.644674
0.65738
0.66852
0.677854
0.685215
0.690509
0.693692
0.694753
0.693692
0.690509
0.685215
0.677854
0.66852
0.65738
0.644674
0.630704
0.615834
0.600489
0.585181
0.57052
0.557229
0.546096
0.537895
0.533264
0.532589
0.535929
0.543001
0.553238
0.5659
0.580188
0.595354
0.610748
0.625828
0.640141
0.653305
0.664997
0.674955
0.682988
0.688978
0.692867
0.694636
0.694282
0.691805
0.687213
0.680533
0.671841
0.661281
0.649066
0.63548
0.620866
0.605627
0.590244
0.575293
0.561459
0.549518
0.540259
0.534381
0.53157
]';
Uy(1,:)=[
1.05651
1.05304
1.04276
1.02606
1.00351
0.975803
0.943676
0.90789
0.869164
0.828152
0.78542
0.741428
0.696514
0.650881
0.604605
0.557646
0.509867
0.46107
0.411027
0.359516
0.306353
0.251406
0.194604
0.135933
0.075436
0.0132198
-0.0505429
-0.115608
-0.181654
-0.248271
-0.314941
-0.381013
-0.445701
-0.508114
-0.567344
-0.62258
-0.673211
-0.718891
-0.759536
-0.795276
-0.826387
-0.853227
-0.87618
-0.895624
-0.911905
-0.925319
-0.93609
-0.944369
-0.950244
-0.953757
-0.954926
-0.953757
-0.950244
-0.944369
-0.93609
-0.925319
-0.911905
-0.895624
-0.87618
-0.853227
-0.826387
-0.795276
-0.759536
-0.718891
-0.673211
-0.62258
-0.567344
-0.508114
-0.445701
-0.381013
-0.314941
-0.248271
-0.181654
-0.115608
-0.0505429
0.0132198
0.075436
0.135933
0.194604
0.251406
0.306353
0.359516
0.411027
0.46107
0.509867
0.557646
0.604605
0.650881
0.696514
0.741428
0.78542
0.828152
0.869164
0.90789
0.943676
0.975803
1.00351
1.02606
1.04276
1.05304
1.05605
]';
Uz(1,:)=[
-5.41809e-17
0.068954
0.136959
0.203187
0.267012
0.32803
0.386023
0.440916
0.492721
0.541505
0.587369
0.63043
0.670808
0.708617
0.743961
0.776944
0.807681
0.836304
0.862946
0.887724
0.910716
0.931935
0.951298
0.968613
0.983565
0.99573
1.00459
1.00957
1.01004
1.00537
0.995
0.978469
0.95552
0.926145
0.890611
0.849438
0.803333
0.75309
0.699517
0.643388
0.585418
0.526248
0.466441
0.406469
0.346706
0.28742
0.228769
0.170801
0.113461
0.0566007
-4.09063e-16
-0.0566007
-0.113461
-0.170801
-0.228769
-0.28742
-0.346706
-0.406469
-0.466441
-0.526248
-0.585418
-0.643388
-0.699517
-0.75309
-0.803333
-0.849438
-0.890611
-0.926145
-0.95552
-0.978469
-0.995
-1.00537
-1.01004
-1.00957
-1.00459
-0.99573
-0.983565
-0.968613
-0.951298
-0.931935
-0.910716
-0.887724
-0.862946
-0.836304
-0.807681
-0.776944
-0.743961
-0.708617
-0.670808
-0.63043
-0.587369
-0.541505
-0.492721
-0.440916
-0.386023
-0.32803
-0.267012
-0.203187
-0.136959
-0.068954
-5.03957e-17
]';
