nu_bar=0;
epsilon=0.1;
gamma(1)=1;
m0(1)=0;
np=101;
nf=1;
nb=8;
ts=0.0019;
error_stop=0.00016;
nsteps=10000;
hist_step=50;
Ux(1,:)=[
0
0
0
0
0
0
0
0
0
0
0
0
0
0
0
0
0
0
0
0
0
0
0
0
0
0
0
0
0
0
0
0
0
0
0
0
0
0
0
0
0
0
0
0
0
0
0
0
0
0
0
0
0
0
0
0
0
0
0
0
0
0
0
0
0
0
0
0
0
0
0
0
0
0
0
0
0
0
0
0
0
0
0
0
0
0
0
0
0
0
0
0
0
0
0
0
0
0
0
0
0
]';
Uy(1,:)=[
1.1
1.09606
1.08436
1.06522
1.03919
1.00696
0.969364
0.927329
0.881809
0.833746
0.784017
0.733393
0.682502
0.631802
0.581566
0.531884
0.482667
0.433673
0.384539
0.334816
0.284017
0.231666
0.177341
0.120719
0.0616139
-1.60812e-16
-0.0639671
-0.129947
-0.197422
-0.265714
-0.334017
-0.401433
-0.46702
-0.529834
-0.588987
-0.643687
-0.693282
-0.737292
-0.775435
-0.807633
-0.834017
-0.85491
-0.870804
-0.882325
-0.890189
-0.895155
-0.897976
-0.89935
-0.89987
-0.899992
-0.9
-0.899992
-0.89987
-0.89935
-0.897976
-0.895155
-0.890189
-0.882325
-0.870804
-0.85491
-0.834017
-0.807633
-0.775435
-0.737292
-0.693282
-0.643687
-0.588987
-0.529834
-0.46702
-0.401433
-0.334017
-0.265714
-0.197422
-0.129947
-0.0639671
-1.83697e-16
0.0616139
0.120719
0.177341
0.231666
0.284017
0.334816
0.384539
0.433673
0.482667
0.531884
0.581566
0.631802
0.682502
0.733393
0.784017
0.833746
0.881809
0.927329
0.969364
1.00696
1.03919
1.06522
1.08436
1.09606
1.1
]';
Uz(1,:)=[
0
0.0689584
0.136986
0.203202
0.266819
0.327181
0.383799
0.436368
0.484779
0.529111
0.569622
0.606716
0.640912
0.672801
0.702993
0.732075
0.760561
0.788849
0.817187
0.845648
0.874114
0.902279
0.929654
0.955593
0.979326
1
1.01673
1.02864
1.03492
1.03489
1.028
1.01391
0.992467
0.963764
0.928095
0.885959
0.838034
0.785137
0.728182
0.668132
0.605949
0.542542
0.478729
0.415191
0.352451
0.290853
0.230561
0.17156
0.11368
0.0566227
-2.89462e-16
-0.0566227
-0.11368
-0.17156
-0.230561
-0.290853
-0.352451
-0.415191
-0.478729
-0.542542
-0.605949
-0.668132
-0.728182
-0.785137
-0.838034
-0.885959
-0.928095
-0.963764
-0.992467
-1.01391
-1.028
-1.03489
-1.03492
-1.02864
-1.01673
-1
-0.979326
-0.955593
-0.929654
-0.902279
-0.874114
-0.845648
-0.817187
-0.788849
-0.760561
-0.732075
-0.702993
-0.672801
-0.640912
-0.606716
-0.569622
-0.529111
-0.484779
-0.436368
-0.383799
-0.327181
-0.266819
-0.203202
-0.136986
-0.0689584
7.07574e-16
]';
